referrer,views_total,views_unique
bandframework.github.io,12,2
github.com,4,3
